-200 1.19415e+85
-199.5 2.38491e+85
-199 3.57229e+85
-198.5 4.75629e+85
-198 5.93692e+85
-197.5 7.11417e+85
-197 8.28807e+85
-196.5 9.4586e+85
-196 1.06258e+86
-195.5 1.17896e+86
-195 1.29501e+86
-194.5 1.41072e+86
-194 1.5261e+86
-193.5 1.64114e+86
-193 1.75586e+86
-192.5 1.87024e+86
-192 1.98428e+86
-191.5 2.098e+86
-191 2.21138e+86
-190.5 2.32444e+86
-190 2.43716e+86
-189.5 2.54955e+86
-189 2.66161e+86
-188.5 2.77335e+86
-188 2.88475e+86
-187.5 2.99583e+86
-187 3.10658e+86
-186.5 3.217e+86
-186 3.3271e+86
-185.5 3.43686e+86
-185 3.5463e+86
-184.5 3.65542e+86
-184 3.76421e+86
-183.5 3.87268e+86
-183 3.98082e+86
-182.5 4.08863e+86
-182 4.19613e+86
-181.5 4.3033e+86
-181 4.41014e+86
-180.5 4.51667e+86
-180 4.62287e+86
-179.5 4.72875e+86
-179 4.83431e+86
-178.5 4.93955e+86
-178 5.04447e+86
-177.5 5.14907e+86
-177 5.25335e+86
-176.5 5.35731e+86
-176 5.46095e+86
-175.5 5.56428e+86
-175 5.66728e+86
-174.5 5.76997e+86
-174 5.87235e+86
-173.5 5.9744e+86
-173 6.07614e+86
-172.5 6.17757e+86
-172 6.27867e+86
-171.5 6.37947e+86
-171 6.47995e+86
-170.5 6.58011e+86
-170 6.67997e+86
-169.5 6.77951e+86
-169 6.87873e+86
-168.5 6.97765e+86
-168 7.07625e+86
-167.5 7.17454e+86
-167 7.27252e+86
-166.5 7.37019e+86
-166 7.46755e+86
-165.5 7.5646e+86
-165 7.66134e+86
-164.5 7.75777e+86
-164 7.85389e+86
-163.5 7.94971e+86
-163 8.04521e+86
-162.5 8.14041e+86
-162 8.23531e+86
-161.5 8.32989e+86
-161 8.42417e+86
-160.5 8.51815e+86
-160 8.61182e+86
-159.5 8.70518e+86
-159 8.79824e+86
-158.5 8.891e+86
-158 8.98345e+86
-157.5 9.0756e+86
-157 9.16745e+86
-156.5 9.25899e+86
-156 9.35023e+86
-155.5 9.44117e+86
-155 9.53181e+86
-154.5 9.62215e+86
-154 9.71219e+86
-153.5 9.80193e+86
-153 9.89137e+86
-152.5 9.98051e+86
-152 1.00694e+87
-151.5 1.01579e+87
-151 1.02461e+87
-150.5 1.03341e+87
-150 1.04217e+87
-149.5 1.05091e+87
-149 1.05962e+87
-148.5 1.06829e+87
-148 1.07694e+87
-147.5 1.08556e+87
-147 1.09414e+87
-146.5 1.1027e+87
-146 1.11123e+87
-145.5 1.11973e+87
-145 1.1282e+87
-144.5 1.13664e+87
-144 1.14505e+87
-143.5 1.15344e+87
-143 1.16179e+87
-142.5 1.17012e+87
-142 1.17841e+87
-141.5 1.18668e+87
-141 1.19491e+87
-140.5 1.20312e+87
-140 1.2113e+87
-139.5 1.21945e+87
-139 1.22758e+87
-138.5 1.23567e+87
-138 1.24373e+87
-137.5 1.25177e+87
-137 1.25978e+87
-136.5 1.26776e+87
-136 1.27571e+87
-135.5 1.28363e+87
-135 1.29152e+87
-134.5 1.29938e+87
-134 1.30722e+87
-133.5 1.31503e+87
-133 1.32281e+87
-132.5 1.33056e+87
-132 1.33828e+87
-131.5 1.34598e+87
-131 1.35364e+87
-130.5 1.36128e+87
-130 1.36889e+87
-129.5 1.37647e+87
-129 1.38403e+87
-128.5 1.39155e+87
-128 1.39905e+87
-127.5 1.40652e+87
-127 1.41396e+87
-126.5 1.42138e+87
-126 1.42877e+87
-125.5 1.43613e+87
-125 1.44346e+87
-124.5 1.45076e+87
-124 1.45804e+87
-123.5 1.46529e+87
-123 1.47251e+87
-122.5 1.4797e+87
-122 1.48687e+87
-121.5 1.49401e+87
-121 1.50112e+87
-120.5 1.5082e+87
-120 1.51526e+87
-119.5 1.52229e+87
-119 1.52929e+87
-118.5 1.53626e+87
-118 1.54321e+87
-117.5 1.55013e+87
-117 1.55703e+87
-116.5 1.56389e+87
-116 1.57073e+87
-115.5 1.57755e+87
-115 1.58433e+87
-114.5 1.59109e+87
-114 1.59782e+87
-113.5 1.60453e+87
-113 1.61121e+87
-112.5 1.61786e+87
-112 1.62448e+87
-111.5 1.63108e+87
-111 1.63765e+87
-110.5 1.6442e+87
-110 1.65072e+87
-109.5 1.65721e+87
-109 1.66367e+87
-108.5 1.67011e+87
-108 1.67653e+87
-107.5 1.68291e+87
-107 1.68927e+87
-106.5 1.69561e+87
-106 1.70192e+87
-105.5 1.7082e+87
-105 1.71445e+87
-104.5 1.72068e+87
-104 1.72689e+87
-103.5 1.73306e+87
-103 1.73922e+87
-102.5 1.74534e+87
-102 1.75144e+87
-101.5 1.75751e+87
-101 1.76356e+87
-100.5 1.76958e+87
-100 1.77558e+87
-99.5 1.78155e+87
-99 1.7875e+87
-98.5 1.79341e+87
-98 1.79931e+87
-97.5 1.80518e+87
-97 1.81102e+87
-96.5 1.81684e+87
-96 1.82263e+87
-95.5 1.82839e+87
-95 1.83413e+87
-94.5 1.83985e+87
-94 1.84554e+87
-93.5 1.8512e+87
-93 1.85684e+87
-92.5 1.86246e+87
-92 1.86805e+87
-91.5 1.87361e+87
-91 1.87915e+87
-90.5 1.88466e+87
-90 1.89015e+87
-89.5 1.89562e+87
-89 1.90106e+87
-88.5 1.90647e+87
-88 1.91186e+87
-87.5 1.91722e+87
-87 1.92256e+87
-86.5 1.92788e+87
-86 1.93317e+87
-85.5 1.93843e+87
-85 1.94367e+87
-84.5 1.94889e+87
-84 1.95408e+87
-83.5 1.95925e+87
-83 1.96439e+87
-82.5 1.96951e+87
-82 1.9746e+87
-81.5 1.97967e+87
-81 1.98472e+87
-80.5 1.98974e+87
-80 1.99474e+87
-79.5 1.99971e+87
-79 2.00466e+87
-78.5 2.00958e+87
-78 2.01448e+87
-77.5 2.01936e+87
-77 2.02421e+87
-76.5 2.02903e+87
-76 2.03384e+87
-75.5 2.03862e+87
-75 2.04337e+87
-74.5 2.04811e+87
-74 2.05281e+87
-73.5 2.0575e+87
-73 2.06216e+87
-72.5 2.0668e+87
-72 2.07141e+87
-71.5 2.076e+87
-71 2.08057e+87
-70.5 2.08511e+87
-70 2.08963e+87
-69.5 2.09412e+87
-69 2.09859e+87
-68.5 2.10304e+87
-68 2.10747e+87
-67.5 2.11187e+87
-67 2.11625e+87
-66.5 2.1206e+87
-66 2.12494e+87
-65.5 2.12924e+87
-65 2.13353e+87
-64.5 2.13779e+87
-64 2.14203e+87
-63.5 2.14625e+87
-63 2.15044e+87
-62.5 2.15461e+87
-62 2.15876e+87
-61.5 2.16288e+87
-61 2.16699e+87
-60.5 2.17106e+87
-60 2.17512e+87
-59.5 2.17915e+87
-59 2.18316e+87
-58.5 2.18715e+87
-58 2.19112e+87
-57.5 2.19506e+87
-57 2.19898e+87
-56.5 2.20288e+87
-56 2.20675e+87
-55.5 2.2106e+87
-55 2.21443e+87
-54.5 2.21824e+87
-54 2.22202e+87
-53.5 2.22579e+87
-53 2.22953e+87
-52.5 2.23325e+87
-52 2.23694e+87
-51.5 2.24062e+87
-51 2.24427e+87
-50.5 2.2479e+87
-50 2.2515e+87
-49.5 2.25509e+87
-49 2.25865e+87
-48.5 2.26219e+87
-48 2.26571e+87
-47.5 2.26921e+87
-47 2.27268e+87
-46.5 2.27614e+87
-46 2.27957e+87
-45.5 2.28298e+87
-45 2.28637e+87
-44.5 2.28973e+87
-44 2.29308e+87
-43.5 2.2964e+87
-43 2.2997e+87
-42.5 2.30298e+87
-42 2.30624e+87
-41.5 2.30948e+87
-41 2.31269e+87
-40.5 2.31589e+87
-40 2.31906e+87
-39.5 2.32221e+87
-39 2.32534e+87
-38.5 2.32845e+87
-38 2.33154e+87
-37.5 2.3346e+87
-37 2.33765e+87
-36.5 2.34067e+87
-36 2.34368e+87
-35.5 2.34666e+87
-35 2.34962e+87
-34.5 2.35256e+87
-34 2.35548e+87
-33.5 2.35837e+87
-33 2.36125e+87
-32.5 2.36411e+87
-32 2.36694e+87
-31.5 2.36975e+87
-31 2.37255e+87
-30.5 2.37532e+87
-30 2.37807e+87
-29.5 2.3808e+87
-29 2.38351e+87
-28.5 2.3862e+87
-28 2.38887e+87
-27.5 2.39152e+87
-27 2.39415e+87
-26.5 2.39676e+87
-26 2.39935e+87
-25.5 2.40191e+87
-25 2.40446e+87
-24.5 2.40699e+87
-24 2.40949e+87
-23.5 2.41198e+87
-23 2.41445e+87
-22.5 2.41689e+87
-22 2.41932e+87
-21.5 2.42172e+87
-21 2.42411e+87
-20.5 2.42647e+87
-20 2.42882e+87
-19.5 2.43114e+87
-19 2.43345e+87
-18.5 2.43573e+87
-18 2.438e+87
-17.5 2.44024e+87
-17 2.44247e+87
-16.5 2.44467e+87
-16 2.44686e+87
-15.5 2.44903e+87
-15 2.45117e+87
-14.5 2.4533e+87
-14 2.45541e+87
-13.5 2.45749e+87
-13 2.45956e+87
-12.5 2.46161e+87
-12 2.46364e+87
-11.5 2.46565e+87
-11 2.46764e+87
-10.5 2.46961e+87
-10 2.47156e+87
-9.5 2.4735e+87
-9 2.47541e+87
-8.5 2.4773e+87
-8 2.47918e+87
-7.5 2.48103e+87
-7 2.48287e+87
-6.5 2.48468e+87
-6 2.48648e+87
-5.5 2.48826e+87
-5 2.49002e+87
-4.5 2.49176e+87
-4 2.49348e+87
-3.5 2.49519e+87
-3 2.49687e+87
-2.5 2.49854e+87
-2 2.50018e+87
-1.5 2.50181e+87
-1 2.50342e+87
-0.5 2.50501e+87
0 2.50658e+87
0.5 2.50813e+87
1 2.50967e+87
1.5 2.51118e+87
2 2.51268e+87
2.5 2.51416e+87
3 2.51562e+87
3.5 2.51706e+87
4 2.51848e+87
4.5 2.51989e+87
5 2.52127e+87
5.5 2.52264e+87
6 2.52399e+87
6.5 2.52532e+87
7 2.52664e+87
7.5 2.52793e+87
8 2.52921e+87
8.5 2.53047e+87
9 2.53171e+87
9.5 2.53293e+87
10 2.53413e+87
10.5 2.53532e+87
11 2.53649e+87
11.5 2.53764e+87
12 2.53877e+87
12.5 2.53988e+87
13 2.54098e+87
13.5 2.54206e+87
14 2.54312e+87
14.5 2.54416e+87
15 2.54519e+87
15.5 2.5462e+87
16 2.54719e+87
16.5 2.54816e+87
17 2.54912e+87
17.5 2.55005e+87
18 2.55097e+87
18.5 2.55188e+87
19 2.55276e+87
19.5 2.55363e+87
20 2.55448e+87
20.5 2.55531e+87
21 2.55613e+87
21.5 2.55693e+87
22 2.55771e+87
22.5 2.55847e+87
23 2.55922e+87
23.5 2.55995e+87
24 2.56066e+87
24.5 2.56135e+87
25 2.56203e+87
25.5 2.56269e+87
26 2.56333e+87
26.5 2.56396e+87
27 2.56457e+87
27.5 2.56516e+87
28 2.56574e+87
28.5 2.5663e+87
29 2.56684e+87
29.5 2.56737e+87
30 2.56787e+87
30.5 2.56837e+87
31 2.56884e+87
31.5 2.5693e+87
32 2.56974e+87
32.5 2.57017e+87
33 2.57058e+87
33.5 2.57097e+87
34 2.57134e+87
34.5 2.5717e+87
35 2.57205e+87
35.5 2.57237e+87
36 2.57268e+87
36.5 2.57297e+87
37 2.57325e+87
37.5 2.57351e+87
38 2.57376e+87
38.5 2.57399e+87
39 2.5742e+87
39.5 2.57439e+87
40 2.57457e+87
40.5 2.57474e+87
41 2.57488e+87
41.5 2.57501e+87
42 2.57513e+87
42.5 2.57523e+87
43 2.57531e+87
43.5 2.57538e+87
44 2.57543e+87
44.5 2.57547e+87
45 2.57549e+87
45.5 2.57549e+87
46 2.57548e+87
46.5 2.57545e+87
47 2.57541e+87
47.5 2.57535e+87
48 2.57527e+87
48.5 2.57518e+87
49 2.57508e+87
49.5 2.57496e+87
50 2.57482e+87
50.5 2.57467e+87
51 2.5745e+87
51.5 2.57432e+87
52 2.57412e+87
52.5 2.5739e+87
53 2.57367e+87
53.5 2.57343e+87
54 2.57317e+87
54.5 2.57289e+87
55 2.5726e+87
55.5 2.57229e+87
56 2.57197e+87
56.5 2.57164e+87
57 2.57128e+87
57.5 2.57092e+87
58 2.57054e+87
58.5 2.57014e+87
59 2.56973e+87
59.5 2.5693e+87
60 2.56886e+87
60.5 2.5684e+87
61 2.56793e+87
61.5 2.56744e+87
62 2.56694e+87
62.5 2.56643e+87
63 2.5659e+87
63.5 2.56535e+87
64 2.56479e+87
64.5 2.56422e+87
65 2.56363e+87
65.5 2.56302e+87
66 2.5624e+87
66.5 2.56177e+87
67 2.56112e+87
67.5 2.56046e+87
68 2.55978e+87
68.5 2.55909e+87
69 2.55839e+87
69.5 2.55767e+87
70 2.55693e+87
70.5 2.55618e+87
71 2.55542e+87
71.5 2.55464e+87
72 2.55385e+87
72.5 2.55304e+87
73 2.55222e+87
73.5 2.55139e+87
74 2.55054e+87
74.5 2.54968e+87
75 2.5488e+87
75.5 2.54791e+87
76 2.54701e+87
76.5 2.54609e+87
77 2.54516e+87
77.5 2.54421e+87
78 2.54325e+87
78.5 2.54228e+87
79 2.54129e+87
79.5 2.54029e+87
80 2.53927e+87
80.5 2.53824e+87
81 2.5372e+87
81.5 2.53614e+87
82 2.53507e+87
82.5 2.53399e+87
83 2.53289e+87
83.5 2.53178e+87
84 2.53065e+87
84.5 2.52952e+87
85 2.52836e+87
85.5 2.5272e+87
86 2.52602e+87
86.5 2.52483e+87
87 2.52362e+87
87.5 2.5224e+87
88 2.52117e+87
88.5 2.51993e+87
89 2.51867e+87
89.5 2.5174e+87
90 2.51611e+87
90.5 2.51481e+87
91 2.5135e+87
91.5 2.51218e+87
92 2.51084e+87
92.5 2.50949e+87
93 2.50812e+87
93.5 2.50675e+87
94 2.50536e+87
94.5 2.50396e+87
95 2.50254e+87
95.5 2.50111e+87
96 2.49967e+87
96.5 2.49822e+87
97 2.49675e+87
97.5 2.49527e+87
98 2.49378e+87
98.5 2.49227e+87
99 2.49075e+87
99.5 2.48922e+87
100 2.48768e+87
100.5 2.48612e+87
101 2.48455e+87
101.5 2.48297e+87
102 2.48138e+87
102.5 2.47977e+87
103 2.47815e+87
103.5 2.47652e+87
104 2.47488e+87
104.5 2.47322e+87
105 2.47156e+87
105.5 2.46988e+87
106 2.46818e+87
106.5 2.46648e+87
107 2.46476e+87
107.5 2.46303e+87
108 2.46129e+87
108.5 2.45953e+87
109 2.45777e+87
109.5 2.45599e+87
110 2.4542e+87
110.5 2.4524e+87
111 2.45058e+87
111.5 2.44876e+87
112 2.44692e+87
112.5 2.44507e+87
113 2.4432e+87
113.5 2.44133e+87
114 2.43944e+87
114.5 2.43754e+87
115 2.43563e+87
115.5 2.43371e+87
116 2.43178e+87
116.5 2.42983e+87
117 2.42788e+87
117.5 2.42591e+87
118 2.42393e+87
118.5 2.42194e+87
119 2.41993e+87
119.5 2.41792e+87
120 2.41589e+87
120.5 2.41385e+87
121 2.4118e+87
121.5 2.40974e+87
122 2.40767e+87
122.5 2.40559e+87
123 2.40349e+87
123.5 2.40138e+87
124 2.39926e+87
124.5 2.39714e+87
125 2.39499e+87
125.5 2.39284e+87
126 2.39068e+87
126.5 2.38851e+87
127 2.38632e+87
127.5 2.38412e+87
128 2.38191e+87
128.5 2.3797e+87
129 2.37747e+87
129.5 2.37522e+87
130 2.37297e+87
130.5 2.37071e+87
131 2.36844e+87
131.5 2.36615e+87
132 2.36385e+87
132.5 2.36155e+87
133 2.35923e+87
133.5 2.3569e+87
134 2.35456e+87
134.5 2.35221e+87
135 2.34985e+87
135.5 2.34748e+87
136 2.3451e+87
136.5 2.3427e+87
137 2.3403e+87
137.5 2.33789e+87
138 2.33546e+87
138.5 2.33302e+87
139 2.33058e+87
139.5 2.32812e+87
140 2.32566e+87
140.5 2.32318e+87
141 2.32069e+87
141.5 2.31819e+87
142 2.31568e+87
142.5 2.31316e+87
143 2.31063e+87
143.5 2.30809e+87
144 2.30554e+87
144.5 2.30298e+87
145 2.30041e+87
145.5 2.29783e+87
146 2.29524e+87
146.5 2.29264e+87
147 2.29003e+87
147.5 2.28741e+87
148 2.28477e+87
148.5 2.28213e+87
149 2.27948e+87
149.5 2.27682e+87
150 2.27415e+87
150.5 2.27147e+87
151 2.26878e+87
151.5 2.26607e+87
152 2.26336e+87
152.5 2.26064e+87
153 2.25791e+87
153.5 2.25517e+87
154 2.25242e+87
154.5 2.24966e+87
155 2.24689e+87
155.5 2.24411e+87
156 2.24132e+87
156.5 2.23852e+87
157 2.23571e+87
157.5 2.23289e+87
158 2.23006e+87
158.5 2.22723e+87
159 2.22438e+87
159.5 2.22152e+87
160 2.21866e+87
160.5 2.21578e+87
161 2.2129e+87
161.5 2.21e+87
162 2.2071e+87
162.5 2.20419e+87
163 2.20126e+87
163.5 2.19833e+87
164 2.19539e+87
164.5 2.19244e+87
165 2.18948e+87
165.5 2.18651e+87
166 2.18353e+87
166.5 2.18055e+87
167 2.17755e+87
167.5 2.17455e+87
168 2.17153e+87
168.5 2.16851e+87
169 2.16548e+87
169.5 2.16243e+87
170 2.15938e+87
170.5 2.15632e+87
171 2.15326e+87
171.5 2.15018e+87
172 2.14709e+87
172.5 2.144e+87
173 2.14089e+87
173.5 2.13778e+87
174 2.13466e+87
174.5 2.13153e+87
175 2.12839e+87
175.5 2.12524e+87
176 2.12209e+87
176.5 2.11892e+87
177 2.11575e+87
177.5 2.11257e+87
178 2.10937e+87
178.5 2.10618e+87
179 2.10297e+87
179.5 2.09975e+87
180 2.09653e+87
180.5 2.09329e+87
181 2.09005e+87
181.5 2.0868e+87
182 2.08354e+87
182.5 2.08027e+87
183 2.077e+87
183.5 2.07371e+87
184 2.07042e+87
184.5 2.06712e+87
185 2.06381e+87
185.5 2.0605e+87
186 2.05717e+87
186.5 2.05384e+87
187 2.0505e+87
187.5 2.04715e+87
188 2.04379e+87
188.5 2.04042e+87
189 2.03705e+87
189.5 2.03367e+87
190 2.03028e+87
190.5 2.02688e+87
191 2.02347e+87
191.5 2.02006e+87
192 2.01664e+87
192.5 2.01321e+87
193 2.00977e+87
193.5 2.00632e+87
194 2.00287e+87
194.5 1.99941e+87
195 1.99594e+87
195.5 1.99246e+87
196 1.98898e+87
196.5 1.98549e+87
197 1.98199e+87
197.5 1.97848e+87
198 1.97497e+87
198.5 1.97144e+87
199 1.96791e+87
199.5 1.96437e+87
200 1.96083e+87
